26.675625,0.50625,49634.57024265645,39.797130890164766,1.1410195296768058,-0.38786349744178583,3.1539096732863516,-224.5899148634645,495.747970059158,2.9630946151165927,1030.0969463871313,5.9503729927800775,-0.0534271367004963,-243.3744090125,21.958012499999985
1.4787345466225517,0.4999609359740076,16674.47957652662,520.1323297066419,5.2180162261386736,5.211132259349998,4.153969710726384,486.1894330848615,106.25120223070012,4.424353177154478,44.111025138058615,3.146851589354909,0.9711455533987499,8.780894559533115,97.6010874237569
Hufflepuff
-0.74811195644102,0.021329200344766062,0.0163530943551296,0.059985883143626635,0.7684786069002786,0.7280968050639384,-0.7738860135588388,0.4005050177904279,-0.4765289796823994,-0.8109106206504713,0.46709338111013404,0.4539750092436849,-0.24211333064690396,0.012046046335498906,-0.04544557744166139,-0.3188323817948687
Ravenclaw
-0.9471204793480984,-0.07868290407845376,-0.0008761889416772672,0.05220043159671563,-0.49995851375030403,0.36076804393433526,0.5029961439333968,0.31109069713512766,0.8506255858063119,0.6920029175491094,0.06629138554368234,0.08071528719667075,0.04528120877696564,0.020008111236247038,0.76114218867784,0.023681588140655605
Slytherin
-1.349746662905015,0.009508854621443685,-0.020788991607172576,-0.007955995717513714,-0.4264456468194403,-0.57566900012555,0.426306499752563,-0.8875055935022554,-0.26667764314066816,-0.3597240784821907,0.0456842675329734,0.1151188728494324,0.3908356468801663,-0.009662217616450754,-0.4232869488772703,-0.3121473697438747
Gryffindor
-1.2130007201214907,0.04101692863069533,0.008368093987882772,-0.0643565124439724,0.14596584008076732,-0.562306797372934,-0.14278838587019727,0.15329895475380761,-0.08556474153747329,0.5224952592300707,-0.6295411966715944,-0.6951286338797557,-0.20782294839485332,-0.03327073466776051,-0.3195037823710429,0.6325309735687038
1
